10
10
0 76 46 72 64 0 65 10 61 79
52 0 16 50 54 21 30 53 46 25
96 41 0 10 83 5 62 62 50 95
6 52 13 0 29 4 0 65 0 15
77 85 55 79 0 84 41 87 88 58
56 0 27 0 74 0 36 84 27 52
50 0 48 18 49 0 0 6 10 4
11 64 10 10 65 68 4 0 81 76
63 24 48 5 8 58 73 82 0 47
64 100 47 73 86 82 48 70 38 0
10
0 69 32 24 88 89 10 32 96 34
0 0 80 72 63 76 91 63 92 93
61 11 0 0 43 8 74 41 64 40
45 75 42 0 9 0 3 69 94 87
72 14 54 12 0 32 74 95 24 5
77 71 95 5 86 0 32 0 68 0
21 68 10 39 70 45 0 16 90 24
48 79 48 6 89 13 34 0 72 71
67 4 46 0 4 45 20 0 0 51
66 57 0 33 0 38 22 18 20 0
11
0 94 84 0 37 39 24 76 88 100 0
69 0 17 33 97 73 40 7 0 40 82
54 25 0 46 20 84 52 65 0 15 0
0 89 11 0 71 29 33 34 58 79 17
31 56 96 23 0 91 0 8 99 92 46
0 10 56 56 74 0 8 13 10 63 61
0 1 67 44 84 13 0 73 0 79 35
25 64 99 36 69 34 35 0 75 0 11
80 13 84 41 40 88 14 37 0 91 67
73 12 48 86 90 47 45 0 0 0 25
12 61 61 40 19 81 19 99 8 38 0
11
0 68 35 83 24 74 7 1 15 22 0
6 0 40 0 70 45 0 73 32 94 7
30 80 0 83 22 40 79 0 88 23 78
95 7 42 0 3 51 46 41 0 19 40
29 78 61 43 0 50 93 45 0 85 45
74 28 9 51 44 0 32 57 100 97 79
0 47 43 62 53 73 0 32 12 41 33
57 85 74 90 73 14 0 0 0 69 33
3 0 57 28 14 0 91 56 0 8 0
8 15 28 93 98 66 59 91 1 0 1
76 0 100 75 91 0 60 97 43 29 0
11
0 16 55 88 74 11 81 36 86 8 80
84 0 17 91 72 0 51 11 18 95 16
49 52 0 11 69 86 39 97 68 0 100
36 76 49 0 65 74 17 54 17 51 10
33 11 64 66 0 64 0 89 6 32 48
46 37 25 72 64 0 33 49 99 19 15
0 62 60 31 93 95 0 61 0 27 56
69 97 13 5 81 58 0 0 30 38 48
44 81 37 49 16 83 58 99 0 36 0
0 7 29 49 81 74 40 0 21 0 56
28 24 0 22 62 13 23 16 38 2 0
11
0 94 0 53 66 79 67 68 32 25 0
49 0 63 19 13 3 21 98 0 7 16
56 54 0 52 65 63 29 0 37 0 36
0 34 0 0 0 2 2 0 62 7 0
79 14 55 13 0 32 86 26 0 22 45
64 50 37 31 36 0 67 79 68 100 64
78 5 25 52 71 95 0 5 69 98 84
95 9 72 82 47 32 53 0 34 89 41
1 35 81 20 42 43 45 25 0 0 85
24 61 19 49 27 46 73 54 0 0 0
42 71 42 67 41 7 76 70 64 50 0
12
0 0 67 81 0 13 96 25 66 80 10 2
85 0 68 50 85 76 0 0 53 75 20 0
14 20 0 31 38 78 49 73 45 10 53 87
62 72 44 0 30 98 65 44 0 37 14 0
14 73 63 29 0 100 64 67 34 86 64 77
70 17 38 46 3 0 0 38 77 0 12 0
39 89 61 86 37 56 0 31 0 57 10 88
33 75 71 35 58 13 53 0 33 0 51 97
46 98 35 76 21 98 90 10 0 80 67 30
62 66 57 29 18 27 46 7 71 0 0 0
0 0 96 77 0 24 60 47 50 34 0 53
63 8 0 97 0 63 2 17 29 12 20 0
12
0 34 50 75 14 51 58 55 15 71 11 55
66 0 55 74 37 65 63 65 52 72 2 42
93 28 0 56 20 77 34 32 37 5 94 71
0 2 0 0 74 9 0 38 72 10 33 4
26 39 97 74 0 61 16 54 61 53 0 35
78 19 8 57 83 0 83 0 13 0 78 4
65 75 92 8 45 63 0 94 0 95 37 18
46 93 0 7 90 61 76 0 28 87 77 55
96 99 26 10 98 0 6 42 0 94 60 13
100 0 5 8 0 70 0 81 58 0 71 69
98 71 0 0 0 63 0 75 54 26 0 43
73 83 30 47 61 97 0 59 87 16 99 0
12
0 12 79 95 74 70 57 48 61 100 42 57
73 0 90 63 19 73 20 72 16 27 24 56
56 35 0 61 11 3 54 99 95 72 0 62
56 36 23 0 29 62 26 87 0 51 39 51
30 46 36 84 0 62 86 72 76 0 63 11
0 100 33 27 76 0 22 33 32 73 98 96
55 73 60 20 0 36 0 58 14 30 0 0
64 23 90 0 56 64 38 0 49 92 40 0
41 6 3 100 28 29 0 67 0 32 69 82
9 90 69 93 9 88 81 78 44 0 79 34
62 16 77 57 21 67 51 31 77 62 0 61
70 75 46 3 0 32 26 58 87 58 12 0
12
0 54 96 82 5 40 59 95 29 27 0 25
98 0 69 53 76 50 76 4 60 61 81 92
97 7 0 43 2 99 0 0 33 0 0 27
22 0 100 0 76 58 71 50 4 14 39 89
79 97 28 13 0 30 88 92 62 43 43 94
5 48 50 50 7 0 41 58 22 0 6 78
39 42 0 22 3 67 0 83 24 94 8 97
56 7 23 0 88 83 57 0 93 88 0 9
100 47 45 100 82 15 80 48 0 10 79 94
0 54 19 6 71 70 29 63 54 0 41 95
0 57 0 12 54 47 44 40 11 17 0 10
50 16 100 71 0 56 59 53 91 47 15 0
