13
1
0 0 10 10
2 2 8 8 100
1
0 0 20 0
0 0 20 0 5
2
0 0 100 100
10 10 50 50 10
60 60 90 90 10
10
1715 1324 1820 549
511 1187 1136 1281 154
1796 758 634 1234 1016
1864 1842 1656 1144 38
531 1523 1717 1341 896
1922 1776 1176 1406 518
1970 130 157 1718 1505
387 1624 98 414 673
1621 1982 1085 835 147
463 1155 1456 971 786
1320 841 1393 685 174
10
1513 1960 1330 1348
1030 1771 1230 666 954
1822 908 1625 1769 686
1781 1010 1112 331 131
1274 1091 52 1094 863
1082 491 1145 658 68
1059 533 606 104 166
295 1605 182 876 672
715 1062 1533 968 56
219 1251 285 569 513
1110 1928 930 621 523
12
318 613 1806 1249
968 830 1642 623 2
1259 51 1283 928 579
1058 857 152 284 841
1101 754 835 1050 0
1449 1848 1250 305 691
1045 1878 1669 205 651
232 1619 14 182 1101
432 1035 663 879 182
9 1008 1459 752 794
675 662 1325 316 289
1936 976 102 109 2038
1303 1808 1665 523 1066
12
1340 1068 1140 185
1081 443 603 162 158
667 1985 995 1826 327
931 598 1215 663 30
500 402 1401 1682 419
320 1007 1151 1711 857
1768 1724 172 1328 157
1558 77 284 1693 1208
676 421 1450 667 540
749 1569 501 303 1000
48 1332 1328 771 284
645 664 4 296 324
429 1902 1248 1568 325
10
1316 1343 1725 339
799 1122 454 769 48
1772 1516 1924 631 32
644 102 662 657 205
1528 323 573 1044 1081
1202 1906 863 809 756
506 1284 1246 1903 1075
942 1953 1383 118 1478
1684 611 456 1459 413
1303 42 826 1337 874
1083 1775 1480 1341 533
10
404 1921 326 952
246 1061 1053 1917 1061
117 260 1875 42 1074
1829 1574 356 181 607
716 663 325 676 260
1794 1254 358 314 1846
1241 1579 1977 135 504
603 750 1722 1609 324
596 711 425 104 461
1539 853 1410 1677 392
1226 211 1563 428 137
11
1029 803 857 308
776 1603 1773 282 9
892 304 1621 786 631
506 962 110 346 184
930 460 992 531 32
1779 647 1430 953 418
637 698 1195 1683 579
1561 1307 1197 1463 74
717 1410 376 455 971
1803 1413 202 267 2027
1436 1037 23 40 1864
262 1721 1468 627 1587
10
57 255 1514 673
194 992 1000 1262 575
644 1640 1305 1273 359
1940 1881 123 213 775
1917 1783 865 565 146
232 244 1730 507 333
1642 1285 1628 64 385
1320 1138 836 1652 333
1297 186 1119 1320 747
864 1152 1627 1275 652
603 346 1534 1935 73
10
334 529 419 380
1004 1176 898 640 230
301 67 791 754 44
1554 409 1593 139 195
1439 923 1101 1349 347
67 1570 347 66 344
1241 645 547 378 703
1045 1126 111 339 671
1874 1660 612 959 605
327 1301 860 402 975
962 1725 321 361 523
12
996 1283 161 1402
953 776 969 1323 382
1919 349 1888 1636 810
1169 1905 1775 1314 253
186 1307 1684 1692 537
43 1173 436 1993 550
1728 1189 1989 414 400
1992 188 1541 1370 691
1429 1018 195 1591 214
1692 1950 1894 1921 184
1000 1503 1739 1033 876
1943 1992 313 273 221
1938 1094 132 474 1477
